$(function () {
        $('#container').highcharts({
            chart: {
                type: 'scatter',
                zoomType: 'xy'
            },
            title: {
                text: 'Percent F/R lunch vs College Matriculation'
            },
            subtitle: {
                text: 'Source: NCES 2011-12'
            },
            xAxis: {
                title: {
                    enabled: true,
                    text: 'Percent F/R Lunch'
                },
                startOnTick: true,
                endOnTick: true,
                showLastLabel: true,
                min: 0,
                max: 1
            },
            yAxis: {
                title: {
                    text: 'College Matriculation Rate'
                },
                min: 0,
                max: 1
            },
            legend: {
                layout: 'vertical',
                align: 'left',
                verticalAlign: 'top',
                x: 100,
                y: 70,
                floating: true,
                backgroundColor: '#FFFFFF',
                borderWidth: 1
            },
            plotOptions: {
                scatter: {
                    marker: {
                        radius: 5,
                        states: {
                            hover: {
                                enabled: true,
                                lineColor: 'rgb(100,100,100)'
                            }
                        }
                    },
                    states: {
                        hover: {
                            marker: {
                                enabled: false
                            }
                        }
                    },
                    tooltip: {
                        headerFormat: '<b>{series.name}</b><br>',
                        pointFormat: '{point.x} cm, {point.y} kg'
                    }
                }
            },
            series: [{
                name: 'Idaho Schools',
                color: 'rgba(223, 83, 83, .5)',
                data: [[0.63,1],
[0.23,0.88],
[0.66,0.85],
[0.38,0.75],
[0.38,0.75],
[0.38,0.75],
[0.38,0.75],
[0.38,0.75],
[0.38,0.75],
[0.38,0.75],
[0.38,0.75],
[0.38,0.75],
[0.38,0.75],
[0.38,0.75],
[0.38,0.75],
[0.38,0.75],
[0.38,0.75],
[0.38,0.75],
[0.38,0.75],
[0.38,0.75],
[0.66,0.71],
[0.35,0.7],
[0.35,0.7],
[0.35,0.7],
[0.35,0.7],
[0.31,0.7],
[0.42,0.69],
[0.42,0.69],
[0.42,0.69],
[0.42,0.69],
[0.32,0.69],
[0.67,0.68],
[0.67,0.68],
[0.67,0.68],
[0.36,0.67],
[0.69,0.67],
[0.69,0.67],
[0.44,0.65],
[0.44,0.65],
[0.63,0.64],
[0.29,0.59],
[0.29,0.59],
[0.29,0.59],
[0.29,0.59],
[0.29,0.59],
[0.29,0.59],
[0.29,0.59],
[0.38,0.58],
[0.38,0.58],
[0.39,0.58],
[0.39,0.58],
[0.49,0.57],
[0.49,0.57],
[0.49,0.57],
[0.52,0.57],
[0.52,0.57],
[0.75,0.57],
[0.55,0.56],
[0.55,0.56],
[0.45,0.56],
[0.45,0.56],
[0.27,0.55],
[0.27,0.55],
[0.27,0.55],
[0.27,0.55],
[0.27,0.55],
[0.27,0.55],
[0.27,0.55],
[0.27,0.55],
[0.27,0.55],
[0.27,0.55],
[0.27,0.55],
[0.27,0.55],
[0.27,0.55],
[0.27,0.55],
[0.27,0.55],
[0.27,0.55],
[0.27,0.55],
[0.27,0.55],
[0.27,0.55],
[0.27,0.55],
[0.27,0.55],
[0.27,0.55],
[0.27,0.55],
[0.27,0.55],
[0.27,0.55],
[0.27,0.55],
[0.27,0.55],
[0.27,0.55],
[0.27,0.55],
[0.27,0.55],
[0.27,0.55],
[0.27,0.55],
[0.27,0.55],
[0.27,0.55],
[0.27,0.55],
[0.27,0.55],
[0.27,0.55],
[0.27,0.55],
[0.27,0.55],
[0.27,0.55],
[0.27,0.55],
[0.27,0.55],
[0.27,0.55],
[0.27,0.55],
[0.27,0.55],
[0.27,0.55],
[0.27,0.55],
[0.27,0.55],
[0.27,0.55],
[0.27,0.55],
[0.27,0.55],
[0.27,0.55],
[0.27,0.55],
[0.27,0.55],
[0.48,0.55],
[0.48,0.55],
[0.38,0.54],
[0.38,0.54],
[0.38,0.54],
[0.38,0.54],
[0.38,0.54],
[0.38,0.54],
[0.38,0.54],
[0.38,0.54],
[0.73,0.54],
[0.73,0.54],
[0.49,0.54],
[0.49,0.54],
[0.49,0.54],
[0.52,0.54],
[0.52,0.54],
[0.69,0.54],
[0.52,0.53],
[0.52,0.53],
[0.57,0.53],
[0.57,0.53],
[0.61,0.52],
[0.61,0.52],
[0.61,0.52],
[0.32,0.5],
[0.39,0.5],
[0.39,0.5],
[0.39,0.5],
[0.47,0.5],
[0.47,0.5],
[0.47,0.5],
[0.52,0.5],
[0.52,0.5],
[0.69,0.5],
[0.69,0.5],
[0.69,0.5],
[0.7,0.5],
[0.7,0.5],
[0.7,0.5],
[0.61,0.49],
[0.4,0.49],
[0.4,0.49],
[0.4,0.49],
[0.4,0.49],
[0.4,0.49],
[0.4,0.49],
[0.4,0.49],
[0.4,0.49],
[0.4,0.49],
[0.4,0.49],
[0.4,0.49],
[0.4,0.49],
[0.4,0.49],
[0.4,0.49],
[0.4,0.49],
[0.4,0.49],
[0.4,0.49],
[0.4,0.49],
[0.4,0.49],
[0.4,0.49],
[0.4,0.49],
[0.4,0.49],
[0.4,0.49],
[0.4,0.49],
[0.4,0.49],
[0.4,0.49],
[0.4,0.49],
[0.4,0.49],
[0.4,0.49],
[0.4,0.49],
[0.4,0.49],
[0.4,0.49],
[0.4,0.49],
[0.4,0.49],
[0.4,0.49],
[0.4,0.49],
[0.4,0.49],
[0.4,0.49],
[0.4,0.49],
[0.4,0.49],
[0.4,0.49],
[0.4,0.49],
[0.4,0.49],
[0.4,0.49],
[0.4,0.49],
[0.4,0.49],
[0.52,0.48],
[0.52,0.48],
[0.6,0.48],
[0.6,0.48],
[0.6,0.48],
[0.55,0.48],
[0.55,0.48],
[0.55,0.48],
[0.55,0.48],
[0.55,0.48],
[0.6,0.48],
[0.6,0.48],
[0.6,0.48],
[0.6,0.48],
[0.6,0.48],
[0.6,0.48],
[0.41,0.47],
[0.41,0.47],
[0.41,0.47],
[0.41,0.47],
[0.41,0.47],
[0.41,0.47],
[0.41,0.47],
[0.41,0.47],
[0.41,0.47],
[0.45,0.47],
[0.57,0.47],
[0.57,0.47],
[0.48,0.47],
[0.48,0.47],
[0.48,0.47],
[0.48,0.47],
[0.48,0.47],
[0.48,0.47],
[0.48,0.47],
[0.48,0.47],
[0.48,0.47],
[0.48,0.47],
[0.48,0.47],
[0.49,0.46],
[0.49,0.46],
[0.49,0.46],
[0.49,0.46],
[0.49,0.46],
[0.49,0.46],
[0.49,0.46],
[0.35,0.46],
[0.35,0.46],
[0.35,0.46],
[0.35,0.46],
[0.35,0.46],
[0.54,0.46],
[0.54,0.46],
[0.54,0.46],
[0.54,0.46],
[0.54,0.46],
[0.57,0.46],
[0.57,0.46],
[0.57,0.46],
[0.57,0.46],
[0.57,0.46],
[0.51,0.44],
[0.51,0.44],
[0.51,0.44],
[0.51,0.44],
[0.45,0.44],
[0.65,0.44],
[0.65,0.44],
[0.65,0.44],
[0.37,0.44],
[0.37,0.44],
[0.37,0.44],
[0.37,0.44],
[0.37,0.44],
[0.37,0.44],
[0.37,0.44],
[0.37,0.44],
[0.37,0.44],
[0.37,0.44],
[0.37,0.44],
[0.73,0.43],
[0.73,0.43],
[0.73,0.43],
[0.25,0.43],
[0.25,0.43],
[0.43,0.43],
[0.43,0.43],
[0.59,0.43],
[0.59,0.43],
[0.59,0.43],
[0.59,0.43],
[0.59,0.43],
[0.59,0.43],
[0.59,0.43],
[0.59,0.43],
[0.59,0.43],
[0.59,0.43],
[0.48,0.42],
[0.48,0.42],
[0.48,0.42],
[0.48,0.42],
[0.61,0.42],
[0.61,0.42],
[0.61,0.42],
[0.61,0.42],
[0.61,0.42],
[0.61,0.42],
[0.61,0.42],
[0.42,0.42],
[0.42,0.42],
[0.42,0.42],
[0.42,0.42],
[0.42,0.42],
[0.72,0.41],
[0.72,0.41],
[0.72,0.41],
[0.72,0.41],
[0.31,0.41],
[0.31,0.41],
[0.31,0.41],
[0.39,0.41],
[0.39,0.41],
[0.39,0.41],
[0.39,0.41],
[0.39,0.41],
[0.39,0.41],
[0.39,0.41],
[0.39,0.41],
[0.39,0.41],
[0.39,0.41],
[0.39,0.41],
[0.51,0.41],
[0.51,0.41],
[0.51,0.41],
[0.51,0.41],
[0.51,0.41],
[0.51,0.41],
[0.51,0.41],
[0.51,0.41],
[0.51,0.41],
[0.46,0.41],
[0.46,0.41],
[0.46,0.41],
[0.46,0.41],
[0.46,0.41],
[0.46,0.41],
[0.46,0.41],
[0.46,0.41],
[0.46,0.41],
[0.46,0.41],
[0.46,0.41],
[0.46,0.41],
[0.46,0.41],
[0.46,0.41],
[0.46,0.41],
[0.46,0.41],
[0.46,0.41],
[0.46,0.41],
[0.46,0.41],
[0.46,0.41],
[0.46,0.41],
[0.46,0.41],
[0.54,0.41],
[0.54,0.41],
[0.49,0.41],
[0.49,0.41],
[0.49,0.41],
[0.49,0.41],
[0.49,0.41],
[0.54,0.4],
[0.54,0.4],
[0.54,0.4],
[0.54,0.4],
[0.54,0.4],
[0.54,0.4],
[0.54,0.4],
[0.54,0.4],
[0.54,0.4],
[0.54,0.4],
[0.54,0.4],
[0.54,0.4],
[0.54,0.4],
[0.54,0.4],
[0.54,0.4],
[0.62,0.4],
[0.62,0.4],
[0.62,0.4],
[0.62,0.4],
[0.62,0.4],
[0.64,0.4],
[0.64,0.4],
[0.57,0.4],
[0.57,0.4],
[0.57,0.4],
[0.57,0.4],
[0.57,0.4],
[0.57,0.4],
[0.57,0.4],
[0.57,0.4],
[0.57,0.4],
[0.57,0.4],
[0.57,0.4],
[0.57,0.4],
[0.57,0.4],
[0.55,0.4],
[0.55,0.4],
[0.55,0.4],
[0.55,0.4],
[0.55,0.4],
[0.55,0.4],
[0.55,0.4],
[0.55,0.4],
[0.39,0.4],
[0.39,0.4],
[0.39,0.4],
[0.39,0.4],
[0.39,0.4],
[0.39,0.4],
[0.39,0.4],
[0.39,0.4],
[0.39,0.4],
[0.39,0.4],
[0.48,0.39],
[0.48,0.39],
[0.48,0.39],
[0.48,0.39],
[0.48,0.39],
[0.45,0.39],
[0.45,0.39],
[0.45,0.39],
[0.45,0.39],
[0.45,0.39],
[0.45,0.39],
[0.45,0.39],
[0.45,0.39],
[0.45,0.39],
[0.45,0.39],
[0.45,0.39],
[0.45,0.39],
[0.43,0.39],
[0.43,0.39],
[0.43,0.39],
[0.43,0.39],
[0.43,0.39],
[0.43,0.39],
[0.43,0.39],
[0.43,0.39],
[0.43,0.39],
[0.43,0.39],
[0.43,0.39],
[0.43,0.39],
[0.43,0.39],
[0.43,0.39],
[0.43,0.39],
[0.43,0.39],
[0.43,0.39],
[0.43,0.39],
[0.43,0.39],
[0.43,0.39],
[0.52,0.39],
[0.52,0.39],
[0.52,0.39],
[0.4,0.38],
[0.4,0.38],
[0.4,0.38],
[0.4,0.38],
[0.4,0.38],
[0.4,0.38],
[0.4,0.38],
[0.4,0.38],
[0.4,0.38],
[0.4,0.38],
[0.4,0.38],
[0.4,0.38],
[0.4,0.38],
[0.4,0.38],
[0.4,0.38],
[0.4,0.38],
[0.4,0.38],
[0.4,0.38],
[0.4,0.38],
[0.4,0.38],
[0.4,0.38],
[0.4,0.38],
[0.44,0.38],
[0.44,0.38],
[0.44,0.38],
[0.44,0.38],
[0.44,0.38],
[0.57,0.38],
[0.55,0.38],
[0.42,0.37],
[0.42,0.37],
[0.42,0.37],
[0.42,0.37],
[0.42,0.37],
[0.42,0.37],
[0.67,0.37],
[0.67,0.37],
[0.67,0.37],
[0.67,0.37],
[0.48,0.37],
[0.48,0.37],
[0.48,0.37],
[0.48,0.37],
[0.48,0.37],
[0.48,0.37],
[0.75,0.37],
[0.75,0.37],
[0.75,0.37],
[0.75,0.37],
[0.75,0.37],
[0.75,0.37],
[0.75,0.37],
[0.75,0.37],
[0.75,0.37],
[0.75,0.37],
[0.83,0.37],
[0.83,0.37],
[0.59,0.36],
[0.59,0.36],
[0.59,0.36],
[0.59,0.36],
[0.59,0.36],
[0.59,0.36],
[0.59,0.36],
[0.59,0.36],
[0.59,0.36],
[0.59,0.36],
[0.59,0.36],
[0.59,0.36],
[0.59,0.36],
[0.59,0.36],
[0.59,0.36],
[0.59,0.36],
[0.59,0.36],
[0.59,0.36],
[0.59,0.36],
[0.59,0.36],
[0.59,0.36],
[0.59,0.36],
[0.59,0.36],
[0.59,0.36],
[0.59,0.36],
[0.59,0.36],
[0.59,0.36],
[0.59,0.36],
[0.59,0.36],
[0.52,0.36],
[0.52,0.36],
[0.52,0.36],
[0.52,0.36],
[0.52,0.36],
[0.52,0.36],
[0.66,0.36],
[0.66,0.36],
[0.66,0.36],
[0.67,0.36],
[0.67,0.36],
[0.67,0.36],
[0.53,0.35],
[0.53,0.35],
[0.53,0.35],
[0.53,0.35],
[0.53,0.35],
[0.51,0.33],
[0.51,0.33],
[0.65,0.33],
[0.65,0.33],
[0.65,0.33],
[0.97,0.33],
[0.97,0.33],
[0.42,0.32],
[0.42,0.32],
[0.42,0.32],
[0.42,0.32],
[0.42,0.32],
[0.42,0.32],
[0.42,0.32],
[0.42,0.32],
[0.42,0.32],
[0.42,0.32],
[0.1,0.32],
[0.1,0.32],
[0.1,0.32],
[0.67,0.31],
[0.67,0.31],
[0.67,0.31],
[0.67,0.31],
[0.67,0.31],
[0.67,0.31],
[0.67,0.31],
[0.67,0.31],
[0.67,0.31],
[0.67,0.31],
[0.67,0.31],
[0.67,0.31],
[0.67,0.31],
[0.45,0.3],
[0.45,0.3],
[0.45,0.3],
[0.45,0.3],
[0.45,0.3],
[0.5,0.3],
[0.5,0.3],
[0.5,0.3],
[0.5,0.3],
[0.5,0.3],
[0.55,0.3],
[0.55,0.3],
[0.55,0.3],
[0.52,0.28],
[0.52,0.28],
[0.52,0.28],
[0.52,0.28],
[0.52,0.28],
[0.52,0.28],
[0.52,0.28],
[0.52,0.28],
[0.52,0.28],
[0.52,0.28],
[0.52,0.28],
[0.65,0.27],
[0.65,0.27],
[0.73,0.27],
[0.73,0.27],
[0.68,0.27],
[0.68,0.27],
[0.68,0.27],
[0.68,0.27],
[0.68,0.27],
[0.49,0.26],
[0.49,0.26],
[0.49,0.26],
[0.49,0.26],
[0,0.25],
[0.5,0.25],
[0.41,0.25],
[0.41,0.25],
[0.41,0.25],
[0.41,0.25],
[0.41,0.25],
[0,0.24],
[0.49,0.24],
[0.49,0.24],
[0.49,0.24],
[0.49,0.24],
[0.49,0.24],
[0.49,0.24],
[0.49,0.24],
[0.58,0.22],
[0.66,0.2],
[0.66,0.2],
[0.74,0.18],
[0.74,0.18],
[0,0.17],
[0,0.17],
[0,0.11],
[0,0.1],
[0,0.09],
[0.9,0.08],
[0,0.06],
[0,0],
[0.54,0]]
    
            }, {
                name: 'Boise Senior High School',
                color: '#3366FF',
                data: [[.40,.48]]
            }]
        });
    });
    
